\duke.html

LSI model topics:
0.961*"password" + 0.186*"aycreateconfirmpassword" + 0.177*"aycreatepassword" + 0.099*"confirm" + 0.011*"aycreateconfirmemail" + 0.009*"text" + 0.007*"email" + 0.007*"address" + 0.002*"aycreateemail" + 0.001*"name"
0.651*"text" + 0.247*"30" + 0.247*"aycreatefn" + 0.247*"name" + 0.247*"aycreateln" + 0.209*"aycreateconfirmemail" + 0.209*"email" + 0.209*"address" + 0.208*"aycreateemail" + 0.158*"aycreatepc"
-0.334*"aycreateconfirmemail" + -0.329*"email" + -0.329*"address" + -0.324*"aycreateemail" + 0.312*"aycreateln" + 0.312*"30" + 0.312*"aycreatefn" + 0.312*"name" + -0.190*"confirm" + -0.162*"120"
-0.661*"aycreatepc" + -0.330*"10" + -0.330*"code" + -0.330*"zip postal" + 0.177*"aycreateconfirmemail" + 0.168*"email" + 0.168*"address" + 0.159*"aycreateemail" + -0.142*"text" + -0.117*"aycreatedob"
-0.577*"aycreateln" + 0.577*"aycreatefn" + 0.289*"first" + -0.289*"family" + -0.289*"last" + 0.289*"given" + 0.000*"aycreateemail" + -0.000*"aycreateconfirmpassword" + -0.000*"confirm" + -0.000*"aycreateconfirmemail"
-0.694*"aycreatedob" + -0.347*"mm dd yyyy" + 0.286*"aycreateconfirmemail" + 0.249*"confirm" + 0.219*"aycreatepc" + 0.212*"aycreateconfirmpassword" + -0.167*"text" + -0.157*"aycreateemail" + -0.124*"aycreatepassword" + 0.110*"zip postal"
0.542*"aycreateemail" + -0.380*"aycreatedob" + -0.379*"aycreateconfirmemail" + -0.352*"confirm" + -0.326*"aycreateconfirmpassword" + 0.271*"120" + 0.195*"aycreatepassword" + -0.190*"mm dd yyyy" + 0.082*"aycreatepc" + 0.082*"address"
0.613*"aycreateconfirmpassword" + -0.548*"aycreatepassword" + -0.420*"aycreateconfirmemail" + 0.315*"aycreateemail" + 0.157*"120" + 0.096*"confirm" + 0.062*"aycreatedob" + -0.053*"address" + -0.053*"email" + 0.031*"mm dd yyyy"
0.520*"pin" + 0.520*"login" + 0.520*"userid" + -0.251*"aycreatedob" + 0.202*"text" + -0.126*"mm dd yyyy" + -0.112*"aycreatepc" + -0.083*"aycreateconfirmemail" + -0.075*"email" + -0.075*"address"
-0.781*"aycreatepassword" + -0.508*"aycreateconfirmpassword" + 0.259*"password" + -0.181*"confirm" + 0.147*"aycreateconfirmemail" + -0.071*"aycreateemail" + 0.038*"address" + 0.038*"email" + -0.036*"120" + -0.023*"userid"


LSI Model Projections:
S:
[ 5.07115195  3.90730553  3.08577997  2.72596307  2.44948974  2.34090992
  2.3138271   2.04107932  1.84099791  1.63540074]

U:
[[  4.03499878e-04   5.30948511e-02  -1.14365927e-02  -3.21303359e-02
   -1.03485211e-16  -6.71447593e-02  -2.85502784e-02  -2.21852060e-02
    5.19722663e-01  -2.31891773e-02]
 [  4.03499878e-04   5.30948511e-02  -1.14365927e-02  -3.21303359e-02
   -1.21560963e-16  -6.71447593e-02  -2.85502784e-02  -2.21852060e-02
    5.19722663e-01  -2.31891773e-02]
 [  4.03499878e-04   5.30948511e-02  -1.14365927e-02  -3.21303359e-02
   -5.92782969e-17  -6.71447593e-02  -2.85502784e-02  -2.21852060e-02
    5.19722663e-01  -2.31891773e-02]
 [  9.16613809e-03   6.51316476e-01  -7.45898927e-02  -1.42365491e-01
    3.95073549e-16  -1.66509552e-01  -6.72015266e-02  -2.58680563e-02
    2.02314153e-01   7.54725205e-03]
 [  9.61229971e-01  -2.57051337e-02   3.22848871e-02  -1.83304021e-02
    2.51671011e-15  -4.59664151e-02   6.59174642e-02  -2.27549312e-02
    9.71111997e-03   2.58703990e-01]
 [  5.83214471e-04   1.23659002e-01   1.56058224e-01   5.54139921e-02
    2.88675135e-01   3.68372492e-02   1.44637481e-02   4.43402083e-03
   -3.06039203e-02  -1.03027626e-03]
 [  5.83214471e-04   1.23659002e-01   1.56058224e-01   5.54139921e-02
    2.88675135e-01   3.68372492e-02   1.44637481e-02   4.43402083e-03
   -3.06039203e-02  -1.03027626e-03]
 [  1.16642894e-03   2.47318004e-01   3.12116448e-01   1.10827984e-01
   -1.73763875e-16   7.36744983e-02   2.89274962e-02   8.86804166e-03
   -6.12078405e-02  -2.06055251e-03]
 [  1.16642894e-03   2.47318004e-01   3.12116448e-01   1.10827984e-01
    5.77350269e-01   7.36744983e-02   2.89274962e-02   8.86804166e-03
   -6.12078405e-02  -2.06055251e-03]
 [  1.16642894e-03   2.47318004e-01   3.12116448e-01   1.10827984e-01
   -8.16028974e-17   7.36744983e-02   2.89274962e-02   8.86804166e-03
   -6.12078405e-02  -2.06055251e-03]
 [  5.83214471e-04   1.23659002e-01   1.56058224e-01   5.54139921e-02
   -2.88675135e-01   3.68372492e-02   1.44637481e-02   4.43402083e-03
   -3.06039203e-02  -1.03027626e-03]
 [  5.83214471e-04   1.23659002e-01   1.56058224e-01   5.54139921e-02
   -2.88675135e-01   3.68372492e-02   1.44637481e-02   4.43402083e-03
   -3.06039203e-02  -1.03027626e-03]
 [  1.16642894e-03   2.47318004e-01   3.12116448e-01   1.10827984e-01
   -5.77350269e-01   7.36744983e-02   2.89274962e-02   8.86804166e-03
   -6.12078405e-02  -2.06055251e-03]
 [  6.66402155e-03   2.08681231e-01  -3.29199753e-01   1.67912853e-01
    1.81895756e-15   6.44217549e-02   8.15435135e-02  -5.26956938e-02
   -7.45649767e-02   3.77873055e-02]
 [  6.66402155e-03   2.08681231e-01  -3.29199753e-01   1.67912853e-01
    1.83075538e-15   6.44217549e-02   8.15435135e-02  -5.26956938e-02
   -7.45649767e-02   3.77873055e-02]
 [  2.17161124e-03   2.08176710e-01  -3.24185418e-01   1.59169223e-01
    1.65410614e-14  -1.56987879e-01   5.42038601e-01   3.14772654e-01
   -6.60375212e-02  -7.14883983e-02]
 [  1.08580562e-03   1.04088355e-01  -1.62092709e-01   7.95846115e-02
    8.26404906e-15  -7.84939395e-02   2.71019300e-01   1.57386327e-01
   -3.30187606e-02  -3.57441991e-02]
 [  9.86456029e-02   1.09772814e-01  -1.89782056e-01   1.09582911e-01
   -1.39479243e-14   2.49161152e-01  -3.52397032e-01   9.63848240e-02
   -2.78108158e-02  -1.80585256e-01]
 [  1.11564319e-02   2.09185752e-01  -3.34214087e-01   1.76656484e-01
   -1.27067523e-14   2.85831389e-01  -3.78951574e-01  -4.20164041e-01
   -8.30924322e-02   1.47063009e-01]
 [  4.42454168e-04   6.34376313e-02  -1.64947512e-02  -5.85655416e-02
   -6.82468156e-16  -3.46996659e-01  -1.89944367e-01   3.10170319e-02
   -1.25604271e-01  -3.24548163e-03]
 [  8.84908337e-04   1.26875263e-01  -3.29895024e-02  -1.17131083e-01
   -1.35620620e-15  -6.93993318e-01  -3.79888735e-01   6.20340639e-02
   -2.51208541e-01  -6.49096326e-03]
 [  4.89733545e-04   7.87847588e-02  -2.95752448e-02  -3.30410451e-01
   -6.90508512e-16   1.09535614e-01   4.08221095e-02   9.12776993e-03
   -5.60314223e-02  -1.74484202e-03]
 [  4.89733545e-04   7.87847588e-02  -2.95752448e-02  -3.30410451e-01
   -6.99383550e-16   1.09535614e-01   4.08221095e-02   9.12776993e-03
   -5.60314223e-02  -1.74484202e-03]
 [  9.79467090e-04   1.57569518e-01  -5.91504895e-02  -6.60820902e-01
   -1.38978729e-15   2.19071227e-01   8.16442190e-02   1.82555399e-02
   -1.12062845e-01  -3.48968403e-03]
 [  4.89733545e-04   7.87847588e-02  -2.95752448e-02  -3.30410451e-01
   -7.10979563e-16   1.09535614e-01   4.08221095e-02   9.12776993e-03
   -5.60314223e-02  -1.74484202e-03]
 [  1.77049955e-01  -9.12578342e-03   2.33862113e-02  -2.13711125e-02
    9.83433491e-15  -1.24245372e-01   1.94763383e-01  -5.48295802e-01
   -6.36037028e-02  -7.80719533e-01]
 [  1.86134774e-01   1.03598752e-02  -4.53500250e-02   4.25093391e-02
   -1.52655666e-14   2.12490915e-01  -3.25842490e-01   6.12933689e-01
    2.74708007e-02  -5.08233521e-01]]

V^T is as follows:
[[ 0.00204621  0.20745781 -0.03529081 -0.08758611  0.         -0.15717983
  -0.06606041 -0.04528177  0.95680832 -0.0379236 ]
 [ 0.75819458 -0.02631495  0.04184989 -0.02689751  0.         -0.07854453
   0.113954   -0.04459392  0.02109969  0.63275984]
 [ 0.00295757  0.48317352  0.48156133  0.15105649  0.70710677  0.08623268
   0.03346661  0.00905019 -0.05634175 -0.00168491]
 [ 0.00295757  0.48317352  0.48156133  0.15105649 -0.70710677  0.08623268
   0.03346661  0.00905019 -0.05634175 -0.00168491]
 [ 0.00550629  0.40670501 -0.50018245  0.21694471  0.         -0.18374724
   0.62709179  0.32123798 -0.06078747 -0.05845609]
 [ 0.02828798  0.40867631 -0.51565557  0.24077953  0.          0.33455277
  -0.43841421 -0.42879407 -0.0764865   0.12025347]
 [ 0.00224375  0.2478702  -0.05089917 -0.15964751  0.         -0.81228791
  -0.4394984   0.06330822 -0.23123719 -0.00530766]
 [ 0.00248351  0.30783613 -0.0912627  -0.90068666  0.          0.25641301
   0.09445531  0.0186305  -0.10315373 -0.00285352]
 [ 0.44892361 -0.01782861  0.03608235 -0.02912843  0.         -0.14542362
   0.2253244  -0.55955758 -0.05854714 -0.63839469]
 [ 0.47195887  0.0202396  -0.0699701   0.05793945  0.          0.24871103
  -0.3769716   0.62552314  0.02528684 -0.41558276]]

*************************************************************

\example_form_from_paper.html

LSI model topics:
0.932*"password" + 0.250*"check" + 0.233*"25" + 0.125*"verify" + 0.000*"last" + 0.000*"name" + 0.000*"35" + 0.000*"text" + -0.000*"email"
-0.649*"last" + -0.649*"name" + -0.262*"35" + -0.262*"text" + -0.138*"email" + 0.000*"password" + 0.000*"25" + 0.000*"check" + 0.000*"verify"
-0.902*"email" + -0.237*"35" + -0.237*"text" + 0.192*"name" + 0.192*"last" + -0.000*"password" + -0.000*"25" + 0.000*"check" + 0.000*"verify"
-0.859*"check" + -0.429*"verify" + 0.271*"password" + 0.068*"25" + 0.000*"35" + -0.000*"email" + -0.000*"text" + 0.000*"last" + 0.000*"name"


LSI Model Projections:
S:
[ 6.05663605  4.51933943  3.25201032  1.52222197]

U:
[[  9.92628747e-16  -6.49353045e-01   1.91504455e-01   1.16615543e-17]
 [  3.59249333e-16  -6.49353045e-01   1.91504455e-01   9.47337926e-18]
 [  1.51547765e-16  -2.62385048e-01  -2.36968535e-01  -6.78402113e-17]
 [  1.75173869e-16  -2.62385048e-01  -2.36968535e-01   2.44977773e-16]
 [ -1.50095110e-16  -1.37802100e-01  -9.02410059e-01  -9.39644550e-17]
 [  9.31504828e-01   4.40204902e-16  -1.06028003e-16   2.71063140e-01]
 [  2.32876207e-01   1.13238399e-16  -3.41151442e-17   6.77657850e-02]
 [  1.24953934e-01   4.27295248e-17   8.57159304e-18  -4.29402509e-01]
 [  2.49907867e-01   8.32667268e-17   1.04083409e-17  -8.58805017e-01]]

V^T is as follows:
[[ 0.         -0.97821562  0.20759149  0.        ]
 [ 0.         -0.20759149 -0.97821564  0.        ]
 [ 0.65364592  0.          0.          0.75680047]
 [ 0.75680053  0.          0.         -0.65364595]]

*************************************************************

\georgetown.html

LSI model topics:
0.961*"password" + 0.186*"aycreateconfirmpassword" + 0.177*"aycreatepassword" + 0.099*"confirm" + 0.011*"aycreateconfirmemail" + 0.009*"text" + 0.007*"address" + 0.007*"email" + 0.002*"aycreateemail" + 0.001*"30"
0.651*"text" + 0.247*"aycreateln" + 0.247*"name" + 0.247*"30" + 0.247*"aycreatefn" + 0.209*"aycreateconfirmemail" + 0.209*"email" + 0.209*"address" + 0.208*"aycreateemail" + 0.158*"aycreatepc"
-0.334*"aycreateconfirmemail" + -0.329*"email" + -0.329*"address" + -0.324*"aycreateemail" + 0.312*"aycreateln" + 0.312*"30" + 0.312*"name" + 0.312*"aycreatefn" + -0.190*"confirm" + -0.162*"120"
-0.661*"aycreatepc" + -0.330*"code" + -0.330*"zip postal" + -0.330*"10" + 0.177*"aycreateconfirmemail" + 0.168*"email" + 0.168*"address" + 0.159*"aycreateemail" + -0.142*"text" + -0.117*"aycreatedob"
0.577*"aycreateln" + -0.577*"aycreatefn" + -0.289*"first" + 0.289*"family" + 0.289*"last" + -0.289*"given" + -0.000*"aycreateemail" + 0.000*"aycreateconfirmemail" + 0.000*"confirm" + 0.000*"aycreateconfirmpassword"
-0.694*"aycreatedob" + -0.347*"mm dd yyyy" + 0.286*"aycreateconfirmemail" + 0.249*"confirm" + 0.219*"aycreatepc" + 0.212*"aycreateconfirmpassword" + -0.167*"text" + -0.157*"aycreateemail" + -0.124*"aycreatepassword" + 0.110*"code"
0.542*"aycreateemail" + -0.380*"aycreatedob" + -0.379*"aycreateconfirmemail" + -0.352*"confirm" + -0.326*"aycreateconfirmpassword" + 0.271*"120" + 0.195*"aycreatepassword" + -0.190*"mm dd yyyy" + 0.082*"aycreatepc" + 0.082*"address"
0.613*"aycreateconfirmpassword" + -0.548*"aycreatepassword" + -0.420*"aycreateconfirmemail" + 0.315*"aycreateemail" + 0.157*"120" + 0.096*"confirm" + 0.062*"aycreatedob" + -0.053*"email" + -0.053*"address" + 0.031*"mm dd yyyy"
0.520*"userid" + 0.520*"login" + 0.520*"pin" + -0.251*"aycreatedob" + 0.202*"text" + -0.126*"mm dd yyyy" + -0.112*"aycreatepc" + -0.083*"aycreateconfirmemail" + -0.075*"address" + -0.075*"email"
-0.781*"aycreatepassword" + -0.508*"aycreateconfirmpassword" + 0.259*"password" + -0.181*"confirm" + 0.147*"aycreateconfirmemail" + -0.071*"aycreateemail" + 0.038*"email" + 0.038*"address" + -0.036*"120" + -0.023*"pin"


LSI Model Projections:
S:
[ 5.07115195  3.90730553  3.08577997  2.72596307  2.44948974  2.34090992
  2.3138271   2.04107932  1.84099791  1.63540074]

U:
[[  4.03499878e-04   5.30948511e-02  -1.14365927e-02  -3.21303359e-02
    1.16246239e-16  -6.71447593e-02  -2.85502784e-02  -2.21852060e-02
    5.19722663e-01  -2.31891773e-02]
 [  4.03499878e-04   5.30948511e-02  -1.14365927e-02  -3.21303359e-02
    4.20357184e-16  -6.71447593e-02  -2.85502784e-02  -2.21852060e-02
    5.19722663e-01  -2.31891773e-02]
 [  4.03499878e-04   5.30948511e-02  -1.14365927e-02  -3.21303359e-02
    1.46481292e-16  -6.71447593e-02  -2.85502784e-02  -2.21852060e-02
    5.19722663e-01  -2.31891773e-02]
 [  9.16613809e-03   6.51316476e-01  -7.45898927e-02  -1.42365491e-01
   -6.90713455e-16  -1.66509552e-01  -6.72015266e-02  -2.58680563e-02
    2.02314153e-01   7.54725205e-03]
 [  9.61229971e-01  -2.57051337e-02   3.22848871e-02  -1.83304021e-02
   -4.85034484e-15  -4.59664151e-02   6.59174642e-02  -2.27549312e-02
    9.71111997e-03   2.58703990e-01]
 [  5.83214471e-04   1.23659002e-01   1.56058224e-01   5.54139921e-02
   -2.88675135e-01   3.68372492e-02   1.44637481e-02   4.43402083e-03
   -3.06039203e-02  -1.03027626e-03]
 [  5.83214471e-04   1.23659002e-01   1.56058224e-01   5.54139921e-02
   -2.88675135e-01   3.68372492e-02   1.44637481e-02   4.43402083e-03
   -3.06039203e-02  -1.03027626e-03]
 [  1.16642894e-03   2.47318004e-01   3.12116448e-01   1.10827984e-01
    3.03657553e-17   7.36744983e-02   2.89274962e-02   8.86804166e-03
   -6.12078405e-02  -2.06055251e-03]
 [  1.16642894e-03   2.47318004e-01   3.12116448e-01   1.10827984e-01
   -5.77350269e-01   7.36744983e-02   2.89274962e-02   8.86804166e-03
   -6.12078405e-02  -2.06055251e-03]
 [  1.16642894e-03   2.47318004e-01   3.12116448e-01   1.10827984e-01
    8.19314468e-17   7.36744983e-02   2.89274962e-02   8.86804166e-03
   -6.12078405e-02  -2.06055251e-03]
 [  5.83214471e-04   1.23659002e-01   1.56058224e-01   5.54139921e-02
    2.88675135e-01   3.68372492e-02   1.44637481e-02   4.43402083e-03
   -3.06039203e-02  -1.03027626e-03]
 [  5.83214471e-04   1.23659002e-01   1.56058224e-01   5.54139921e-02
    2.88675135e-01   3.68372492e-02   1.44637481e-02   4.43402083e-03
   -3.06039203e-02  -1.03027626e-03]
 [  1.16642894e-03   2.47318004e-01   3.12116448e-01   1.10827984e-01
    5.77350269e-01   7.36744983e-02   2.89274962e-02   8.86804166e-03
   -6.12078405e-02  -2.06055251e-03]
 [  6.66402155e-03   2.08681231e-01  -3.29199753e-01   1.67912853e-01
   -2.72608589e-15   6.44217549e-02   8.15435135e-02  -5.26956938e-02
   -7.45649767e-02   3.77873055e-02]
 [  6.66402155e-03   2.08681231e-01  -3.29199753e-01   1.67912853e-01
   -2.77634483e-15   6.44217549e-02   8.15435135e-02  -5.26956938e-02
   -7.45649767e-02   3.77873055e-02]
 [  2.17161124e-03   2.08176710e-01  -3.24185418e-01   1.59169223e-01
   -3.21269767e-14  -1.56987879e-01   5.42038601e-01   3.14772654e-01
   -6.60375212e-02  -7.14883983e-02]
 [  1.08580562e-03   1.04088355e-01  -1.62092709e-01   7.95846115e-02
   -1.60774724e-14  -7.84939395e-02   2.71019300e-01   1.57386327e-01
   -3.30187606e-02  -3.57441991e-02]
 [  9.86456029e-02   1.09772814e-01  -1.89782056e-01   1.09582911e-01
    2.62789056e-14   2.49161152e-01  -3.52397032e-01   9.63848240e-02
   -2.78108158e-02  -1.80585256e-01]
 [  1.11564319e-02   2.09185752e-01  -3.34214087e-01   1.76656484e-01
    2.65455917e-14   2.85831389e-01  -3.78951574e-01  -4.20164041e-01
   -8.30924322e-02   1.47063009e-01]
 [  4.42454168e-04   6.34376313e-02  -1.64947512e-02  -5.85655416e-02
    2.00899070e-15  -3.46996659e-01  -1.89944367e-01   3.10170319e-02
   -1.25604271e-01  -3.24548163e-03]
 [  8.84908337e-04   1.26875263e-01  -3.29895024e-02  -1.17131083e-01
    4.01963935e-15  -6.93993318e-01  -3.79888735e-01   6.20340639e-02
   -2.51208541e-01  -6.49096326e-03]
 [  4.89733545e-04   7.87847588e-02  -2.95752448e-02  -3.30410451e-01
    3.48677750e-16   1.09535614e-01   4.08221095e-02   9.12776993e-03
   -5.60314223e-02  -1.74484202e-03]
 [  4.89733545e-04   7.87847588e-02  -2.95752448e-02  -3.30410451e-01
    3.78988267e-16   1.09535614e-01   4.08221095e-02   9.12776993e-03
   -5.60314223e-02  -1.74484202e-03]
 [  9.79467090e-04   1.57569518e-01  -5.91504895e-02  -6.60820902e-01
    7.54653426e-16   2.19071227e-01   8.16442190e-02   1.82555399e-02
   -1.12062845e-01  -3.48968403e-03]
 [  4.89733545e-04   7.87847588e-02  -2.95752448e-02  -3.30410451e-01
    3.61564298e-16   1.09535614e-01   4.08221095e-02   9.12776993e-03
   -5.60314223e-02  -1.74484202e-03]
 [  1.77049955e-01  -9.12578342e-03   2.33862113e-02  -2.13711125e-02
   -1.68010761e-14  -1.24245372e-01   1.94763383e-01  -5.48295802e-01
   -6.36037028e-02  -7.80719533e-01]
 [  1.86134774e-01   1.03598752e-02  -4.53500250e-02   4.25093391e-02
    2.61179967e-14   2.12490915e-01  -3.25842490e-01   6.12933689e-01
    2.74708007e-02  -5.08233521e-01]]

V^T is as follows:
[[ 0.00204621  0.20745781 -0.03529081 -0.08758611  0.         -0.15717983
  -0.06606041 -0.04528177  0.95680832 -0.0379236 ]
 [ 0.75819458 -0.02631495  0.04184989 -0.02689751  0.         -0.07854453
   0.113954   -0.04459392  0.02109969  0.63275984]
 [ 0.00295757  0.48317352  0.48156133  0.15105649 -0.70710677  0.08623268
   0.03346661  0.00905019 -0.05634175 -0.00168491]
 [ 0.00295757  0.48317352  0.48156133  0.15105649  0.70710677  0.08623268
   0.03346661  0.00905019 -0.05634175 -0.00168491]
 [ 0.00550629  0.40670501 -0.50018245  0.21694471  0.         -0.18374724
   0.62709179  0.32123798 -0.06078747 -0.05845609]
 [ 0.02828798  0.40867631 -0.51565557  0.24077953  0.          0.33455277
  -0.43841421 -0.42879407 -0.0764865   0.12025347]
 [ 0.00224375  0.2478702  -0.05089917 -0.15964751  0.         -0.81228791
  -0.4394984   0.06330822 -0.23123719 -0.00530766]
 [ 0.00248351  0.30783613 -0.0912627  -0.90068666  0.          0.25641301
   0.09445531  0.0186305  -0.10315373 -0.00285352]
 [ 0.44892361 -0.01782861  0.03608235 -0.02912843  0.         -0.14542362
   0.2253244  -0.55955758 -0.05854714 -0.63839469]
 [ 0.47195887  0.0202396  -0.0699701   0.05793945  0.          0.24871103
  -0.3769716   0.62552314  0.02528684 -0.41558276]]

*************************************************************

\ncsu.html

LSI model topics:
0.961*"password" + 0.186*"aycreateconfirmpassword" + 0.177*"aycreatepassword" + 0.099*"confirm" + 0.011*"aycreateconfirmemail" + 0.009*"text" + 0.007*"address" + 0.007*"email" + 0.002*"aycreateemail" + 0.001*"aycreatefn"
0.651*"text" + 0.247*"aycreateln" + 0.247*"30" + 0.247*"name" + 0.247*"aycreatefn" + 0.209*"aycreateconfirmemail" + 0.209*"email" + 0.209*"address" + 0.208*"aycreateemail" + 0.158*"aycreatepc"
-0.334*"aycreateconfirmemail" + -0.329*"email" + -0.329*"address" + -0.324*"aycreateemail" + 0.312*"aycreateln" + 0.312*"30" + 0.312*"name" + 0.312*"aycreatefn" + -0.190*"confirm" + -0.162*"120"
-0.661*"aycreatepc" + -0.330*"code" + -0.330*"zip postal" + -0.330*"10" + 0.177*"aycreateconfirmemail" + 0.168*"email" + 0.168*"address" + 0.159*"aycreateemail" + -0.142*"text" + -0.117*"aycreatedob"
0.577*"aycreatefn" + -0.577*"aycreateln" + 0.289*"given" + 0.289*"first" + -0.289*"family" + -0.289*"last" + -0.000*"aycreateemail" + 0.000*"aycreateconfirmpassword" + 0.000*"confirm" + 0.000*"aycreateconfirmemail"
-0.694*"aycreatedob" + -0.347*"mm dd yyyy" + 0.286*"aycreateconfirmemail" + 0.249*"confirm" + 0.219*"aycreatepc" + 0.212*"aycreateconfirmpassword" + -0.167*"text" + -0.157*"aycreateemail" + -0.124*"aycreatepassword" + 0.110*"10"
0.542*"aycreateemail" + -0.380*"aycreatedob" + -0.379*"aycreateconfirmemail" + -0.352*"confirm" + -0.326*"aycreateconfirmpassword" + 0.271*"120" + 0.195*"aycreatepassword" + -0.190*"mm dd yyyy" + 0.082*"aycreatepc" + 0.082*"address"
0.613*"aycreateconfirmpassword" + -0.548*"aycreatepassword" + -0.420*"aycreateconfirmemail" + 0.315*"aycreateemail" + 0.157*"120" + 0.096*"confirm" + 0.062*"aycreatedob" + -0.053*"address" + -0.053*"email" + 0.031*"mm dd yyyy"
0.520*"login" + 0.520*"userid" + 0.520*"pin" + -0.251*"aycreatedob" + 0.202*"text" + -0.126*"mm dd yyyy" + -0.112*"aycreatepc" + -0.083*"aycreateconfirmemail" + -0.075*"address" + -0.075*"email"
0.781*"aycreatepassword" + 0.508*"aycreateconfirmpassword" + -0.259*"password" + 0.181*"confirm" + -0.147*"aycreateconfirmemail" + 0.071*"aycreateemail" + -0.038*"address" + -0.038*"email" + 0.036*"120" + 0.023*"pin"


LSI Model Projections:
S:
[ 5.07115195  3.90730553  3.08577997  2.72596307  2.44948974  2.34090992
  2.3138271   2.04107932  1.84099791  1.63540074]

U:
[[  4.03499878e-04   5.30948511e-02  -1.14365927e-02  -3.21303359e-02
    1.09343146e-17  -6.71447593e-02  -2.85502784e-02  -2.21852060e-02
    5.19722663e-01   2.31891773e-02]
 [  4.03499878e-04   5.30948511e-02  -1.14365927e-02  -3.21303359e-02
   -2.06542854e-17  -6.71447593e-02  -2.85502784e-02  -2.21852060e-02
    5.19722663e-01   2.31891773e-02]
 [  4.03499878e-04   5.30948511e-02  -1.14365927e-02  -3.21303359e-02
   -1.84185829e-16  -6.71447593e-02  -2.85502784e-02  -2.21852060e-02
    5.19722663e-01   2.31891773e-02]
 [  9.16613809e-03   6.51316476e-01  -7.45898927e-02  -1.42365491e-01
    1.38007074e-16  -1.66509552e-01  -6.72015266e-02  -2.58680563e-02
    2.02314153e-01  -7.54725205e-03]
 [  9.61229971e-01  -2.57051337e-02   3.22848871e-02  -1.83304021e-02
   -4.48547738e-15  -4.59664151e-02   6.59174642e-02  -2.27549312e-02
    9.71111997e-03  -2.58703990e-01]
 [  5.83214471e-04   1.23659002e-01   1.56058224e-01   5.54139921e-02
    2.88675135e-01   3.68372492e-02   1.44637481e-02   4.43402083e-03
   -3.06039203e-02   1.03027626e-03]
 [  5.83214471e-04   1.23659002e-01   1.56058224e-01   5.54139921e-02
    2.88675135e-01   3.68372492e-02   1.44637481e-02   4.43402083e-03
   -3.06039203e-02   1.03027626e-03]
 [  1.16642894e-03   2.47318004e-01   3.12116448e-01   1.10827984e-01
    2.93786927e-16   7.36744983e-02   2.89274962e-02   8.86804166e-03
   -6.12078405e-02   2.06055251e-03]
 [  1.16642894e-03   2.47318004e-01   3.12116448e-01   1.10827984e-01
    5.77350269e-01   7.36744983e-02   2.89274962e-02   8.86804166e-03
   -6.12078405e-02   2.06055251e-03]
 [  1.16642894e-03   2.47318004e-01   3.12116448e-01   1.10827984e-01
    4.21090903e-16   7.36744983e-02   2.89274962e-02   8.86804166e-03
   -6.12078405e-02   2.06055251e-03]
 [  5.83214471e-04   1.23659002e-01   1.56058224e-01   5.54139921e-02
   -2.88675135e-01   3.68372492e-02   1.44637481e-02   4.43402083e-03
   -3.06039203e-02   1.03027626e-03]
 [  5.83214471e-04   1.23659002e-01   1.56058224e-01   5.54139921e-02
   -2.88675135e-01   3.68372492e-02   1.44637481e-02   4.43402083e-03
   -3.06039203e-02   1.03027626e-03]
 [  1.16642894e-03   2.47318004e-01   3.12116448e-01   1.10827984e-01
   -5.77350269e-01   7.36744983e-02   2.89274962e-02   8.86804166e-03
   -6.12078405e-02   2.06055251e-03]
 [  6.66402155e-03   2.08681231e-01  -3.29199753e-01   1.67912853e-01
   -3.44343695e-15   6.44217549e-02   8.15435135e-02  -5.26956938e-02
   -7.45649767e-02  -3.77873055e-02]
 [  6.66402155e-03   2.08681231e-01  -3.29199753e-01   1.67912853e-01
   -3.44415827e-15   6.44217549e-02   8.15435135e-02  -5.26956938e-02
   -7.45649767e-02  -3.77873055e-02]
 [  2.17161124e-03   2.08176710e-01  -3.24185418e-01   1.59169223e-01
   -2.96940181e-14  -1.56987879e-01   5.42038601e-01   3.14772654e-01
   -6.60375212e-02   7.14883983e-02]
 [  1.08580562e-03   1.04088355e-01  -1.62092709e-01   7.95846115e-02
   -1.48576164e-14  -7.84939395e-02   2.71019300e-01   1.57386327e-01
   -3.30187606e-02   3.57441991e-02]
 [  9.86456029e-02   1.09772814e-01  -1.89782056e-01   1.09582911e-01
    2.38051267e-14   2.49161152e-01  -3.52397032e-01   9.63848240e-02
   -2.78108158e-02   1.80585256e-01]
 [  1.11564319e-02   2.09185752e-01  -3.34214087e-01   1.76656484e-01
    2.27854233e-14   2.85831389e-01  -3.78951574e-01  -4.20164041e-01
   -8.30924322e-02  -1.47063009e-01]
 [  4.42454168e-04   6.34376313e-02  -1.64947512e-02  -5.85655416e-02
    3.12467160e-15  -3.46996659e-01  -1.89944367e-01   3.10170319e-02
   -1.25604271e-01   3.24548163e-03]
 [  8.84908337e-04   1.26875263e-01  -3.29895024e-02  -1.17131083e-01
    6.24168009e-15  -6.93993318e-01  -3.79888735e-01   6.20340639e-02
   -2.51208541e-01   6.49096326e-03]
 [  4.89733545e-04   7.87847588e-02  -2.95752448e-02  -3.30410451e-01
    5.36188566e-17   1.09535614e-01   4.08221095e-02   9.12776993e-03
   -5.60314223e-02   1.74484202e-03]
 [  4.89733545e-04   7.87847588e-02  -2.95752448e-02  -3.30410451e-01
    5.42909834e-17   1.09535614e-01   4.08221095e-02   9.12776993e-03
   -5.60314223e-02   1.74484202e-03]
 [  9.79467090e-04   1.57569518e-01  -5.91504895e-02  -6.60820902e-01
    1.10958702e-16   2.19071227e-01   8.16442190e-02   1.82555399e-02
   -1.12062845e-01   3.48968403e-03]
 [  4.89733545e-04   7.87847588e-02  -2.95752448e-02  -3.30410451e-01
    5.50736342e-17   1.09535614e-01   4.08221095e-02   9.12776993e-03
   -5.60314223e-02   1.74484202e-03]
 [  1.77049955e-01  -9.12578342e-03   2.33862113e-02  -2.13711125e-02
   -1.65070217e-14  -1.24245372e-01   1.94763383e-01  -5.48295802e-01
   -6.36037028e-02   7.80719533e-01]
 [  1.86134774e-01   1.03598752e-02  -4.53500250e-02   4.25093391e-02
    2.48759346e-14   2.12490915e-01  -3.25842490e-01   6.12933689e-01
    2.74708007e-02   5.08233521e-01]]

V^T is as follows:
[[ 0.00204621  0.20745781 -0.03529081 -0.08758611  0.         -0.15717983
  -0.06606041 -0.04528177  0.95680832  0.0379236 ]
 [ 0.75819458 -0.02631495  0.04184989 -0.02689751  0.         -0.07854453
   0.113954   -0.04459392  0.02109969 -0.63275984]
 [ 0.00295757  0.48317352  0.48156133  0.15105649  0.70710677  0.08623268
   0.03346661  0.00905019 -0.05634175  0.00168491]
 [ 0.00295757  0.48317352  0.48156133  0.15105649 -0.70710677  0.08623268
   0.03346661  0.00905019 -0.05634175  0.00168491]
 [ 0.00550629  0.40670501 -0.50018245  0.21694471  0.         -0.18374724
   0.62709179  0.32123798 -0.06078747  0.05845609]
 [ 0.02828798  0.40867631 -0.51565557  0.24077953  0.          0.33455277
  -0.43841421 -0.42879407 -0.0764865  -0.12025347]
 [ 0.00224375  0.2478702  -0.05089917 -0.15964751  0.         -0.81228791
  -0.4394984   0.06330822 -0.23123719  0.00530766]
 [ 0.00248351  0.30783613 -0.0912627  -0.90068666  0.          0.25641301
   0.09445531  0.0186305  -0.10315373  0.00285352]
 [ 0.44892361 -0.01782861  0.03608235 -0.02912843  0.         -0.14542362
   0.2253244  -0.55955758 -0.05854714  0.63839469]
 [ 0.47195887  0.0202396  -0.0699701   0.05793945  0.          0.24871103
  -0.3769716   0.62552314  0.02528684  0.41558276]]

*************************************************************

\penn_st.html

LSI model topics:
-0.550*"text" + -0.403*"firstname" + -0.403*"name " + -0.403*"lastname" + -0.295*"middlenames" + -0.201*"first given" + -0.201*" last family" + -0.147*"name s  " + -0.147*"middle"
-0.709*"middlenames" + -0.355*"middle" + -0.355*"name s  " + 0.260*"name " + 0.260*"lastname" + 0.260*"firstname" + 0.130*" last family" + 0.130*"first given" + -0.095*"text"
0.632*"lastname" + -0.632*"firstname" + 0.316*" last family" + -0.316*"first given" + 0.000*"middlenames" + 0.000*"name " + 0.000*"text" + 0.000*"name s  " + 0.000*"middle"


LSI Model Projections:
S:
[ 3.1196235   2.50358726  2.23606798]

U:
[[ -2.01294493e-01   1.29836730e-01  -3.16227766e-01]
 [ -4.02588985e-01   2.59673460e-01   1.52800539e-16]
 [ -5.49946781e-01  -9.50470830e-02   1.16825445e-16]
 [ -4.02588985e-01   2.59673460e-01  -6.32455532e-01]
 [ -1.47357796e-01  -3.54720543e-01   7.71178234e-17]
 [ -1.47357796e-01  -3.54720543e-01   8.81916129e-17]
 [ -2.94715592e-01  -7.09441086e-01   2.37130702e-16]
 [ -2.01294493e-01   1.29836730e-01   3.16227766e-01]
 [ -4.02588985e-01   2.59673460e-01   6.32455532e-01]]

V^T is as follows:
[[-0.62796303  0.32505759 -0.70710679]
 [-0.45970086 -0.88807382  0.        ]
 [-0.62796303  0.32505759  0.70710679]]

*************************************************************

\simple_form.html

LSI model topics:
0.677*"name" + 0.604*"last" + 0.274*"45" + 0.274*"text" + 0.146*"firstname" + 0.073*"first"
-0.756*"firstname" + 0.410*"last" + -0.378*"first" + -0.241*"45" + -0.241*"text" + 0.033*"name"


LSI Model Projections:
S:
[ 4.6701445   2.48792088]

U:
[[ 0.07289395 -0.37793468]
 [ 0.67690411  0.032559  ]
 [ 0.14578789 -0.75586936]
 [ 0.27423067 -0.24110345]
 [ 0.27423067 -0.24110345]
 [ 0.60401016  0.41049368]]

V^T is as follows:
[[ 0.34042526 -0.94027161]
 [ 0.94027162  0.34042527]]

*************************************************************

\ucf.html

LSI model topics:
0.871*"password" + 0.390*"128" + 0.298*"confirmpassword" + -0.000*"birthdate" + -0.000*"date" + -0.000*"confirmusername" + 0.000*"text" + 0.000*"lastname" + 0.000*"firstname" + -0.000*"username"
0.577*"text" + 0.577*"50" + 0.289*"username" + 0.289*"firstname" + 0.289*"confirmusername" + 0.289*"lastname" + -0.000*"birthdate" + -0.000*"password" + -0.000*"128" + -0.000*"confirmpassword"
-0.894*"birthdate" + -0.447*"date" + 0.000*"confirmusername" + -0.000*"lastname" + -0.000*"confirmpassword" + -0.000*"firstname" + -0.000*"128" + -0.000*"password" + -0.000*"50" + 0.000*"text"
-0.804*"lastname" + 0.527*"confirmusername" + 0.276*"firstname" + 0.000*"confirmpassword" + 0.000*"birthdate" + -0.000*"password" + 0.000*"date" + 0.000*"128" + -0.000*"50" + 0.000*"username"
-0.768*"firstname" + 0.623*"confirmusername" + 0.145*"lastname" + -0.000*"confirmpassword" + 0.000*"birthdate" + 0.000*"date" + 0.000*"password" + -0.000*"128" + 0.000*"username" + -0.000*"50"
-0.866*"username" + 0.289*"lastname" + 0.289*"confirmusername" + 0.289*"firstname" + -0.000*"password" + 0.000*"text" + 0.000*"50" + -0.000*"128" + -0.000*"birthdate" + -0.000*"date"
-0.906*"confirmpassword" + 0.387*"password" + -0.173*"128" + -0.000*"lastname" + 0.000*"firstname" + 0.000*"birthdate" + 0.000*"confirmusername" + 0.000*"date" + 0.000*"username" + -0.000*"text"


LSI Model Projections:
S:
[ 3.53159114  3.46410162  2.23606798  2.          2.          2.
  1.87826091]

U:
[[ -1.98000567e-16   2.88675135e-01  -1.24701298e-17   4.00170511e-17
    6.16919146e-17  -8.66025404e-01   1.52970251e-16]
 [  1.17990984e-16   5.77350269e-01  -1.70187414e-16  -1.47175494e-16
   -5.01057593e-17   1.53633333e-16  -3.11442924e-17]
 [  2.78147708e-16   5.77350269e-01   1.03164317e-16   3.73382061e-17
   -7.17353219e-18   1.92674989e-16  -1.11621930e-16]
 [ -3.07377505e-16   2.88675135e-01   2.12670576e-15   5.27409632e-01
    6.23302292e-01   2.88675135e-01   6.51941608e-16]
 [  8.71472211e-01  -1.36361443e-16  -2.58645775e-16  -1.05070223e-15
    6.89616469e-16  -2.19356183e-16   3.86816615e-01]
 [  3.89734221e-01  -7.35541368e-17  -4.69982219e-16   6.90448146e-16
   -3.68088495e-16  -1.41491964e-16  -1.72989649e-01]
 [  2.97730452e-01  -5.61872469e-17  -1.26968038e-15   3.30385758e-15
   -1.90002176e-15   4.93292927e-17  -9.05785564e-01]
 [  2.52117846e-16   2.88675135e-01  -1.06573454e-15   2.76090803e-01
   -7.68401285e-01   2.88675135e-01   2.73292711e-15]
 [  2.66283741e-16   2.88675135e-01  -1.34414109e-15  -8.03500435e-01
    1.45098993e-01   2.88675135e-01  -3.38251591e-15]
 [ -9.61293220e-16  -1.46874782e-16  -8.94427191e-01   1.70555218e-15
    1.81456742e-15  -1.36365674e-16   1.23806500e-15]
 [ -4.71844785e-16  -5.55111512e-17  -4.47213595e-01   8.46545056e-16
    9.20701521e-16  -6.46767226e-17   6.26701293e-16]]

V^T is as follows:
[[ 0.          0.49999999  0.          0.          0.         -0.86602539
   0.        ]
 [ 0.          0.49999999  0.          0.52740961  0.62330228  0.28867513
   0.        ]
 [ 0.85065081  0.          0.          0.          0.          0.
   0.52573111]
 [ 0.5257311   0.          0.          0.          0.          0.
  -0.85065078]
 [ 0.          0.49999999  0.          0.2760908  -0.76840127  0.28867513
   0.        ]
 [ 0.          0.49999999  0.         -0.80350041  0.145099    0.28867513
   0.        ]
 [ 0.          0.         -1.00000001  0.          0.          0.          0.        ]]

*************************************************************

